num
52
x	   y
180    219
160    219
141    219
141    194
141    160
141    139
125    160
108    160
 92    169
 92    181
 92    219
116    219
 77    181
 64    181
 48    181
 34    181
 27    197
 16    219
 34    205
 20    189
108    130
108    112
108    103
108     89
108     70
124     70
140     70
140     42
140     25
156     25
120     25
 94     25
 94     51
 94     60
 75     51
 51     51
 34     51
 10     51
 34     26
 34     67
 34     89
 50     89
 70     89
 89     89
 34    103
 34    112
 34    130
 45    130
 57    130
 81    130
 93    130
 34    155